--- Processing MINILM ---
const GOLDEN_MINILM_MEAN: &[f32] = &[
    0.13489075,
    -0.03206336,
    -0.02033524,
    0.03590099,
    -0.02833307,
    0.04150210,
    0.03315873,
    0.03660569,
    0.00861662,
    0.03763955,
    -0.02959416,
    0.06162958,
    0.03351872,
    0.02614212,
    -0.02218409,
    -0.04269115,
    -0.07453872,
    -0.02255134,
    0.09239762,
    0.03822728,
    -0.03432012,
    -0.01081895,
    0.02459388,
    -0.07658061,
    -0.05345362,
    0.07451010,
    -0.04008892,
    -0.01992119,
    0.03299583,
    -0.01604269,
    -0.05317528,
    -0.00846049,
    0.01445671,
    0.04079418,
    0.01896822,
    -0.08802751,
    -0.00173719,
    -0.06008406,
    0.03245723,
    0.02282536,
    0.05609791,
    0.02806935,
    0.00062557,
    -0.07134502,
    0.01620764,
    -0.00853967,
    0.10221679,
    -0.12004831,
    0.05766615,
    0.00736919,
    -0.09643954,
    0.07090418,
    0.03700817,
    0.03565216,
    -0.10993437,
    -0.06260411,
    0.06954821,
    -0.05550644,
    -0.00363107,
    -0.06090513,
    -0.01551076,
    0.02838031,
    0.08536237,
    0.06964540,
    0.03530387,
    -0.05631811,
    -0.07150891,
    -0.00385855,
    -0.00288508,
    0.05856515,
    -0.03161207,
    0.02737892,
    0.01840869,
    -0.01210304,
    -0.03649442,
    -0.02597481,
    0.15664577,
    0.01034130,
    0.07720978,
    0.03612630,
    0.00282683,
    0.07105672,
    0.08671801,
    0.04073432,
    -0.01847296,
    0.05893548,
    0.03120587,
    0.04264454,
    -0.02169514,
    -0.06152786,
    0.07103240,
    0.03961624,
    -0.02721800,
    0.07482415,
    -0.05074833,
    -0.05029627,
    -0.02482031,
    0.06905080,
    0.00216149,
    0.03190232,
    -0.02391542,
    0.02029450,
    -0.02040585,
    0.09864336,
    -0.05572449,
    0.02798263,
    0.03079442,
    -0.00757424,
    0.00243455,
    -0.02257631,
    -0.02712670,
    -0.00961599,
    -0.10020853,
    0.06671590,
    0.00136805,
    0.05758929,
    0.03392885,
    -0.07676604,
    0.03021588,
    -0.04529504,
    0.04600764,
    -0.11322295,
    0.01228031,
    0.02420050,
    -0.06399105,
    -0.03239963,
    -0.07794445,
    -0.00000000,
    -0.07473622,
    -0.02038606,
    -0.03351782,
    -0.10164007,
    0.06446889,
    -0.03159624,
    -0.00527261,
    0.00961353,
    -0.06173763,
    0.01012660,
    -0.01273331,
    0.00009976,
    0.02776977,
    -0.02196676,
    -0.05244808,
    -0.05788165,
    0.01640202,
    -0.03424669,
    -0.04211717,
    -0.00867471,
    0.08771100,
    0.01364928,
    0.01127292,
    -0.00055618,
    0.00631316,
    -0.05314525,
    0.04521920,
    -0.04201124,
    -0.02440598,
    -0.00992338,
    0.00110342,
    -0.02460347,
    0.02195662,
    0.03065671,
    -0.04077914,
    -0.03226011,
    -0.04320927,
    0.05967557,
    -0.00998162,
    0.02525318,
    0.05909665,
    0.00348880,
    0.09302054,
    0.07037115,
    -0.00149362,
    0.01105945,
    -0.03106732,
    0.05418266,
    0.03434752,
    0.03694233,
    0.08053164,
    -0.02647421,
    0.02117456,
    -0.10055409,
    -0.04451719,
    -0.06049679,
    -0.05152900,
    -0.11563993,
    -0.01776283,
    0.07174451,
    -0.00384644,
    -0.14969972,
    0.04897565,
    -0.02754961,
    0.03458397,
    -0.06985904,
    0.07388503,
    -0.09063066,
    0.06833022,
    0.05772167,
    -0.05851148,
    0.09429099,
    -0.00810547,
    -0.06397607,
    -0.01346336,
    -0.06769232,
    -0.01849281,
    -0.01258138,
    -0.06670415,
    0.01548497,
    0.04989710,
    0.00629443,
    0.02729694,
    0.04063756,
    -0.03732444,
    0.00869545,
    -0.04243916,
    0.06658957,
    -0.06022865,
    0.04908560,
    0.04678279,
    0.05079217,
    0.02084408,
    -0.06879922,
    0.04097625,
    0.00000000,
    -0.06828762,
    -0.04835688,
    -0.04753593,
    -0.02071913,
    -0.08164056,
    0.02595998,
    0.08568699,
    0.04922871,
    -0.05117672,
    0.06410998,
    0.03723254,
    0.09253066,
    0.06233639,
    0.04437441,
    0.01249991,
    0.02105798,
    -0.09588887,
    -0.04769218,
    0.03931453,
    -0.04655808,
    -0.04069373,
    0.05019511,
    0.00086791,
    0.01741109,
    -0.00288013,
    0.05744327,
    0.02312263,
    -0.00096109,
    0.00275131,
    -0.11039128,
    -0.03096602,
    -0.02801142,
    -0.03031631,
    0.01660021,
    0.04637174,
    0.03271827,
    -0.09405377,
    -0.05558883,
    -0.05595959,
    -0.02271594,
    0.00399186,
    0.01864379,
    -0.05576277,
    -0.05464106,
    -0.03629543,
    0.01415398,
    -0.03359228,
    0.05768969,
    0.04646624,
    0.03462957,
    -0.00110065,
    -0.04349946,
    0.06281804,
    0.06616621,
    0.06862083,
    0.12660296,
    -0.03912033,
    -0.00617576,
    -0.04038322,
    0.10146170,
    0.04508641,
    0.02622410,
    0.09623557,
    -0.02439150,
    -0.02708687,
    -0.06418052,
    -0.02340190,
    -0.06789424,
    -0.00108593,
    -0.00098657,
    -0.00570105,
    0.10039532,
    -0.01737794,
    -0.00626756,
    0.03804042,
    0.04632756,
    0.07934125,
    0.02534474,
    -0.03627212,
    -0.05174032,
    -0.01961648,
    -0.00071926,
    -0.00717529,
    -0.02135801,
    0.00994448,
    -0.01122797,
    -0.00903426,
    0.00803439,
    -0.03649154,
    -0.03353529,
    0.06597581,
    -0.07192652,
    0.02414537,
    -0.02843088,
    -0.05076791,
    -0.00000001,
    -0.10508369,
    -0.03094557,
    -0.06449651,
    -0.02634575,
    -0.00807588,
    0.01387898,
    -0.01978862,
    -0.17918514,
    0.02313476,
    0.02419814,
    0.02415389,
    -0.05515772,
    0.01770639,
    -0.03296670,
    0.01396959,
    0.07484011,
    -0.10366338,
    -0.00506045,
    0.03764668,
    0.03551241,
    -0.03916494,
    0.01770886,
    -0.09443808,
    0.03478679,
    0.02675597,
    -0.02133134,
    -0.04231957,
    0.04305588,
    0.03798978,
    -0.02929971,
    0.03802154,
    -0.05274514,
    0.04000286,
    -0.05580445,
    -0.01955289,
    -0.03035324,
    0.03125826,
    -0.09244690,
    0.07403404,
    -0.01284875,
    0.10553663,
    0.01692612,
    0.07048541,
    -0.02117488,
    -0.04663170,
    0.05684751,
    0.02605809,
    -0.03373955,
    0.05673789,
    0.05393963,
    -0.01056070,
    0.02652657,
    -0.01030826,
    -0.00114247,
    -0.08110051,
    -0.04863556,
    0.01041566,
    0.00716844,
    0.03275091,
    0.05027725,
    0.00980357,
    0.04674226,
    0.01492453,
    0.05863349
];

--- Processing NOMIC ---
const GOLDEN_NOMIC_MEAN: &[f32] = &[
    0.03247797,
    0.05499107,
    -0.11508718,
    -0.01339763,
    0.07751293,
    0.03429573,
    -0.01533198,
    -0.01805247,
    -0.05002594,
    -0.06090450,
    0.00210832,
    0.03837593,
    0.07870987,
    0.00883774,
    -0.01602480,
    -0.07167248,
    -0.02885993,
    -0.05182024,
    0.04061066,
    0.00740941,
    0.01410342,
    -0.01000858,
    -0.01034040,
    0.01463220,
    -0.00962995,
    0.04876450,
    0.04204070,
    0.03111080,
    0.06509632,
    0.00028143,
    0.00314982,
    -0.00545383,
    0.02274498,
    -0.06440277,
    -0.03013844,
    -0.00648330,
    0.06240332,
    0.06140912,
    0.02768551,
    0.02400378,
    -0.01515728,
    -0.02582374,
    -0.04056752,
    -0.04617356,
    0.00158225,
    -0.02937851,
    -0.01795877,
    -0.01413162,
    -0.01474162,
    0.00012362,
    -0.00317252,
    -0.02951393,
    -0.02217464,
    -0.06757759,
    0.05867141,
    0.06837600,
    0.10388052,
    -0.00144311,
    0.02565457,
    0.02974965,
    0.05321676,
    -0.01271209,
    -0.08370647,
    0.07575730,
    0.00413124,
    -0.02359817,
    -0.01604460,
    0.04244148,
    0.00501212,
    -0.01150936,
    0.07350596,
    -0.00231993,
    0.05985894,
    -0.00614551,
    -0.07293433,
    -0.02711540,
    0.02598960,
    0.01184959,
    -0.05070087,
    0.05285151,
    0.07753573,
    0.01495818,
    0.05978851,
    -0.02456798,
    0.03525450,
    -0.01547886,
    -0.04343434,
    0.01178313,
    -0.03026129,
    0.03024027,
    -0.02771620,
    0.03302088,
    0.04488781,
    0.03428152,
    -0.09027272,
    0.01346724,
    -0.00744476,
    0.01185554,
    -0.02576243,
    -0.05038491,
    -0.05832789,
    0.00173988,
    0.02628406,
    -0.01357462,
    0.07456595,
    0.05957531,
    -0.02719485,
    0.00022552,
    -0.07084046,
    -0.04106157,
    -0.05709581,
    -0.01161894,
    -0.03238774,
    0.02612218,
    0.01394230,
    -0.03443450,
    0.08564306,
    0.00442494,
    0.03652275,
    0.02474943,
    0.03335360,
    0.00372258,
    -0.00666598,
    0.04695230,
    -0.02038404,
    0.00625913,
    -0.04701841,
    0.00797337,
    0.00984363,
    0.02964479,
    0.03618490,
    0.01414297,
    -0.02925871,
    -0.02059077,
    0.00893200,
    0.06387188,
    -0.03758459,
    -0.05429763,
    0.05812126,
    0.02815621,
    0.07729992,
    0.00359881,
    0.01636969,
    -0.00431665,
    -0.00977354,
    0.00432911,
    0.04212646,
    0.00462775,
    -0.01409501,
    0.03767930,
    0.03839210,
    0.02774913,
    -0.03147094,
    0.03884939,
    0.08089042,
    -0.04272899,
    -0.01387066,
    0.03379652,
    0.03635502,
    0.01405642,
    0.06424736,
    0.02128278,
    -0.02485689,
    0.01618972,
    -0.03215985,
    -0.03678054,
    0.03836714,
    0.03542631,
    0.05506314,
    0.03527759,
    -0.04095872,
    -0.02768228,
    -0.04219348,
    0.01980663,
    0.02515594,
    0.02276105,
    0.04851935,
    -0.01449335,
    0.01980402,
    -0.04610026,
    0.02421975,
    -0.02208455,
    0.00500160,
    0.01087594,
    0.00962832,
    -0.05163767,
    0.00404460,
    -0.04097090,
    -0.07098030,
    -0.02392647,
    -0.04616877,
    0.02922630,
    0.02277440,
    -0.03273859,
    0.00839050,
    -0.04152437,
    0.01426122,
    0.02950247,
    -0.02434712,
    -0.01466246,
    -0.02526315,
    -0.01975999,
    -0.02735562,
    -0.00959981,
    -0.04784770,
    0.04781993,
    0.01419462,
    0.00233871,
    0.02692232,
    0.04017261,
    0.04098681,
    0.00317509,
    0.00574028,
    -0.00906004,
    -0.02444349,
    -0.02419005,
    -0.01309860,
    -0.04212017,
    -0.01002069,
    -0.02687121,
    0.03046117,
    -0.00444169,
    -0.01325339,
    -0.03192982,
    0.06613674,
    0.02295603,
    -0.00922294,
    0.00558019,
    -0.00288152,
    0.05561127,
    -0.06540581,
    -0.06661566,
    0.02081614,
    0.02368450,
    0.00901080,
    0.04333697,
    0.04256983,
    0.07710896,
    0.06247114,
    0.00250736,
    -0.03015235,
    0.00206733,
    0.02530077,
    -0.00983618,
    -0.03945505,
    0.02518764,
    0.04084803,
    -0.02671297,
    0.03486644,
    0.03747331,
    0.01078616,
    0.01188711,
    0.01281188,
    0.02041990,
    0.04099666,
    -0.06533901,
    -0.03409536,
    -0.00373539,
    -0.02160828,
    -0.01919772,
    -0.02580308,
    -0.01722136,
    0.03779988,
    -0.00939185,
    -0.02237895,
    -0.00943740,
    -0.01601623,
    0.02522679,
    0.02946165,
    0.00390802,
    0.03001064,
    0.03482373,
    -0.00663588,
    0.01533081,
    0.01145814,
    0.01247276,
    0.01301288,
    -0.06931838,
    -0.02894193,
    0.00705204,
    0.06531277,
    0.01293560,
    -0.08154817,
    -0.01036534,
    -0.03039984,
    -0.02448735,
    0.03882274,
    0.00543744,
    -0.01383947,
    -0.02270267,
    0.02788996,
    -0.01140243,
    -0.01982361,
    0.03428281,
    -0.01714326,
    -0.00769889,
    0.04369642,
    0.01828752,
    0.03297475,
    -0.00365118,
    -0.01844428,
    0.04094388,
    0.03021305,
    -0.00104719,
    0.06526464,
    0.02891986,
    0.05286745,
    -0.03454144,
    0.02961522,
    0.01922557,
    -0.04062555,
    0.00865856,
    -0.02066567,
    0.03190520,
    -0.08754463,
    0.02925962,
    0.00798835,
    -0.00703122,
    0.03491382,
    -0.00538517,
    -0.01096819,
    -0.05524701,
    0.02642127,
    -0.01486525,
    0.02445606,
    0.03544809,
    0.00504608,
    0.04170775,
    0.01570729,
    -0.02478235,
    0.00376344,
    0.06112822,
    -0.01648260,
    -0.01935053,
    0.01268619,
    0.00942618,
    -0.00061080,
    -0.00470624,
    -0.03901765,
    0.04179263,
    0.08689551,
    -0.02940269,
    0.01977069,
    -0.06625082,
    0.07632414,
    -0.04087355,
    -0.04883485,
    -0.02051908,
    0.01048358,
    0.00285142,
    -0.02854281,
    0.01089345,
    -0.02300025,
    0.05811628,
    -0.00447999,
    0.00489068,
    0.02527111,
    -0.00515500,
    0.00827951,
    -0.02192619,
    0.01145624,
    -0.03059883,
    0.00820516,
    -0.03270661,
    0.01981379,
    -0.01988425,
    0.05231702,
    0.02088074,
    0.00305707,
    0.04073830,
    0.00139083,
    -0.01307659,
    0.00987603,
    -0.01336466,
    0.04760944,
    0.04274467,
    -0.05924300,
    -0.01476349,
    -0.07221481,
    -0.00439013,
    0.01041255,
    0.04548166,
    -0.05065946,
    -0.01363963,
    0.00077525,
    0.00867813,
    -0.00366722,
    0.02557456,
    0.01849850,
    0.00555974,
    0.00819205,
    -0.03659875,
    -0.06673141,
    0.02220484,
    -0.00477168,
    -0.00698219,
    0.05813269,
    0.04796892,
    -0.02649054,
    -0.00201032,
    0.01106994,
    -0.01587244,
    -0.01117840,
    0.00623937,
    -0.00548186,
    0.08635629,
    -0.04661877,
    -0.03823608,
    0.08358998,
    0.02266170,
    0.00966040,
    0.03130286,
    -0.04147431,
    -0.03719863,
    0.03271857,
    0.00607941,
    0.02160830,
    0.03031801,
    -0.04982823,
    0.01975504,
    0.00767364,
    0.00749581,
    -0.03746938,
    -0.04033665,
    -0.00884749,
    -0.00688395,
    -0.00295274,
    0.11455465,
    0.02265739,
    -0.07520778,
    -0.05879962,
    0.00085893,
    -0.02193615,
    0.02832395,
    0.01235923,
    0.01008976,
    0.01079393,
    -0.00340231,
    0.00328452,
    0.02184235,
    -0.00755490,
    0.01846184,
    -0.07000473,
    -0.00693591,
    -0.05141260,
    0.09840421,
    -0.00277951,
    -0.00366373,
    -0.06523167,
    0.01590193,
    -0.06877807,
    0.02370130,
    0.02824485,
    0.03264047,
    0.02151239,
    -0.04207948,
    -0.00384987,
    -0.02454353,
    0.01801792,
    0.00854030,
    0.01992781,
    0.00495807,
    -0.03865893,
    -0.00210864,
    0.05986504,
    -0.01558659,
    0.02842140,
    -0.02117599,
    -0.03152497,
    0.08646528,
    0.01401174,
    0.03985625,
    0.04711343,
    -0.02816973,
    -0.00403007,
    -0.01133400,
    -0.01586551,
    -0.01113616,
    0.00868853,
    0.00423067,
    -0.01068304,
    -0.02232156,
    -0.02651739,
    -0.04960888,
    0.00775214,
    0.00413201,
    0.04408592,
    -0.01059565,
    0.01827831,
    -0.00989881,
    0.05586171,
    -0.00761523,
    0.01311807,
    -0.02412559,
    -0.02192835,
    -0.05702665,
    -0.04918768,
    0.01400584,
    0.06766354,
    0.02400093,
    0.04082531,
    -0.01502538,
    -0.00099118,
    0.00934570,
    0.01753010,
    -0.05132461,
    -0.04293173,
    -0.11260685,
    -0.01937893,
    -0.01211838,
    -0.06175321,
    0.00715169,
    0.01638429,
    0.05473635,
    0.03551894,
    -0.00578208,
    0.04599439,
    0.01710326,
    -0.01039496,
    0.10231894,
    -0.00721916,
    -0.00018699,
    -0.03255063,
    -0.03574043,
    0.00902024,
    -0.03318635,
    0.00205376,
    -0.03330095,
    -0.00786663,
    -0.01524828,
    -0.02159499,
    -0.00692732,
    -0.04607071,
    -0.03096874,
    -0.06818599,
    -0.05315991,
    -0.01380248,
    -0.01507284,
    0.03142516,
    0.00299016,
    -0.00811436,
    0.00435351,
    -0.01970482,
    0.00557884,
    0.02541651,
    0.00354171,
    -0.02847153,
    0.04305961,
    -0.00039148,
    -0.07355984,
    -0.00808165,
    -0.04795088,
    -0.02354514,
    -0.01583915,
    0.01009735,
    -0.03030636,
    -0.09075671,
    0.01859251,
    0.00781541,
    -0.05610543,
    0.01596399,
    0.02064045,
    0.01618992,
    -0.00285399,
    -0.04626404,
    0.03451989,
    -0.06796064,
    0.04842330,
    0.05518602,
    -0.01398205,
    0.00396133,
    -0.05184206,
    -0.04520908,
    -0.02751900,
    -0.02758878,
    -0.02110664,
    0.00203307,
    0.01493991,
    -0.07447372,
    -0.01007780,
    0.07183941,
    -0.01900364,
    -0.05121361,
    0.00557121,
    -0.03299360,
    0.01686139,
    -0.08688855,
    -0.02908399,
    -0.01349863,
    0.03627725,
    0.03753272,
    0.01999547,
    -0.06940036,
    0.00056844,
    -0.00066197,
    0.04688093,
    -0.05241160,
    0.02652674,
    0.01065255,
    -0.02913944,
    -0.00769455,
    0.00884335,
    0.06189001,
    0.00717527,
    0.01217394,
    0.07670568,
    0.04524146,
    0.04178764,
    -0.02022830,
    -0.07227474,
    0.01964123,
    0.02961881,
    -0.04508544,
    0.01806330,
    0.01462950,
    -0.00752338,
    0.03855464,
    -0.02565465,
    -0.06542177,
    -0.04054739,
    -0.01889601,
    -0.06081061,
    0.02374451,
    0.02797461,
    0.03394784,
    -0.04228469,
    -0.00259681,
    -0.02029506,
    0.02442759,
    0.02268451,
    -0.01630283,
    -0.01248474,
    -0.06574568,
    0.00348519,
    -0.01258656,
    0.04165901,
    -0.05197174,
    0.03137640,
    -0.00106118,
    0.05647737,
    0.03453165,
    0.00112298,
    0.01761693,
    -0.02548165,
    0.02247990,
    0.00899598,
    0.00580773,
    0.00005403,
    0.02553090,
    -0.05823226,
    0.04449106,
    0.05766700,
    -0.00834535,
    -0.02352841,
    0.02009758,
    0.00902812,
    -0.04816860,
    -0.05423300,
    -0.00415971,
    -0.05936923,
    -0.01585788,
    -0.00364727,
    -0.04959125,
    0.04275515,
    0.02790898,
    -0.03117788,
    0.02845053,
    -0.01544831,
    -0.07735683,
    -0.01525441,
    -0.01789759,
    -0.00031468,
    0.06224089,
    -0.03349458,
    0.01544255,
    0.03945836,
    -0.00257839,
    0.05429407,
    -0.01523618,
    -0.00793436,
    -0.00360929,
    -0.00807341,
    0.01016036,
    0.00744915,
    -0.00426443,
    -0.05598196,
    0.01998118,
    -0.02687664,
    0.03443010,
    -0.03164447,
    0.05087620,
    -0.04490147,
    0.02151170,
    -0.04052510,
    -0.00345961,
    -0.03358413,
    0.03785629,
    -0.00241102,
    -0.00642079,
    0.07277177,
    0.00457876,
    -0.00700834,
    0.00876693,
    0.02576117,
    -0.01346746,
    -0.02205829,
    -0.07556117,
    0.00651154,
    -0.03815948,
    -0.00784140,
    0.01721276,
    0.04841231,
    -0.03647419,
    0.04274300,
    -0.00200381,
    0.02801664,
    -0.05913418,
    0.00135688,
    -0.03249861,
    0.01290814,
    0.00386125,
    0.00427727,
    0.00832255,
    -0.06817415,
    -0.02303301,
    -0.00920160,
    0.04103719,
    -0.04345231,
    0.05235063,
    0.02746188,
    0.02858217,
    -0.02602994,
    -0.03674918,
    0.04383345,
    0.00645029,
    -0.00589104,
    -0.00436101,
    -0.05246991,
    -0.01503403,
    -0.01872288,
    -0.02502610,
    0.01266513,
    0.00368860,
    0.01203712,
    -0.00036757,
    0.02074972,
    -0.06577097,
    0.01808533,
    0.05750015,
    -0.05234410,
    -0.02605109,
    -0.02745022,
    -0.02329112,
    -0.00374442,
    -0.02597935,
    0.05452602,
    -0.01928170,
    0.04599652,
    0.06823514,
    0.01229096,
    0.04834386,
    -0.00675072,
    0.04000258,
    0.00490230,
    -0.04207192,
    -0.02214234,
    -0.06986675,
    -0.04552884
];

